0 0.087054 0.441468 0.093750 0.041667
0 0.079613 0.477183 0.093750 0.041667
0 0.087054 0.584325 0.093750 0.041667
0 0.087054 0.622024 0.093750 0.041667
2 0.317708 0.436508 0.305060 0.043651
2 0.317708 0.474206 0.305060 0.043651
2 0.317708 0.579365 0.305060 0.043651
2 0.317708 0.621032 0.305060 0.043651
2 0.652530 0.430556 0.305060 0.043651
2 0.652530 0.466270 0.305060 0.043651
2 0.652530 0.573413 0.305060 0.043651
2 0.651042 0.615079 0.305060 0.043651
3 0.855655 0.433532 0.038690 0.037698
3 0.855655 0.473214 0.038690 0.037698
3 0.854167 0.576389 0.038690 0.037698
3 0.855655 0.606151 0.038690 0.037698
5 0.432292 0.256944 0.745536 0.045635
7 0.899554 0.429563 0.055060 0.049603
7 0.889137 0.472222 0.037202 0.047619
7 0.888393 0.569444 0.041667 0.043651
7 0.891369 0.609127 0.035714 0.043651
6 0.142113 0.436508 0.034226 0.039683
6 0.143601 0.474206 0.034226 0.039683
6 0.143601 0.571429 0.034226 0.039683
6 0.143601 0.619048 0.034226 0.039683