5 0.223214 0.487103 0.398810 0.033730
2 0.267857 0.675595 0.309524 0.033730
2 0.269345 0.701389 0.309524 0.033730
2 0.269345 0.731151 0.309524 0.033730
2 0.270833 0.758929 0.309524 0.033730
2 0.750000 0.665675 0.309524 0.033730
2 0.748512 0.699405 0.309524 0.033730
2 0.750000 0.756944 0.309524 0.033730
2 0.750000 0.721230 0.309524 0.033730
1 0.671131 0.445437 0.339286 0.045635
1 0.218750 0.453373 0.407738 0.033730
3 0.450893 0.667659 0.038690 0.037698
3 0.449405 0.697421 0.038690 0.037698
3 0.449405 0.727183 0.038690 0.037698
3 0.447917 0.760913 0.038690 0.037698
3 0.931548 0.663690 0.038690 0.037698
3 0.931548 0.691468 0.038690 0.037698
3 0.930060 0.721230 0.038690 0.037698
3 0.930060 0.749008 0.038690 0.037698
5 0.705357 0.479167 0.398810 0.033730
0 0.543899 0.667659 0.072917 0.041667
0 0.542411 0.701389 0.072917 0.041667
0 0.549851 0.725198 0.072917 0.041667
0 0.546875 0.758929 0.072917 0.041667