5 0.430830 0.078863 0.721344 0.053502
5 0.431448 0.298430 0.739872 0.021540
1 0.351779 0.074694 0.135870 0.022929
1 0.663661 0.057324 0.144516 0.018760
1 0.344985 0.286965 0.146986 0.013897
1 0.674778 0.282101 0.146986 0.013897
2 0.336339 0.151126 0.255682 0.029878
2 0.342515 0.175445 0.255682 0.029878
2 0.656250 0.131323 0.302619 0.025014
2 0.657485 0.153558 0.302619 0.025014
2 0.333869 0.368955 0.260623 0.016676
2 0.333869 0.392579 0.260623 0.016676
2 0.655015 0.365481 0.297678 0.016676
2 0.655015 0.389800 0.297678 0.016676
3 0.870553 0.116037 0.046937 0.022235
3 0.874259 0.138271 0.046937 0.022235
3 0.869318 0.384936 0.046937 0.022235
3 0.870553 0.359922 0.046937 0.022235
0 0.304224 0.058018 0.104990 0.017371
0 0.249876 0.277237 0.191453 0.016676
0 0.266551 0.501320 0.187747 0.022929
2 0.333251 0.612146 0.256917 0.013897
2 0.334486 0.600334 0.256917 0.013897
2 0.650074 0.601376 0.297678 0.013202
2 0.651309 0.616662 0.297678 0.013202
5 0.432065 0.531198 0.736166 0.018760
1 0.346220 0.515564 0.146986 0.013897
1 0.676013 0.516259 0.142045 0.011117
3 0.868083 0.615272 0.041996 0.015981
3 0.870553 0.846651 0.041996 0.015981
3 0.865613 0.870970 0.041996 0.015981
0 0.239995 0.737563 0.181571 0.027098
1 0.337574 0.754933 0.146986 0.014591
1 0.672307 0.760145 0.146986 0.013897
2 0.648221 0.849778 0.296443 0.026404
2 0.650692 0.876876 0.296443 0.026404
5 0.426507 0.771262 0.744812 0.033352
2 0.318429 0.843872 0.264328 0.027098
2 0.319664 0.868885 0.264328 0.027098