0 0.132675 0.566326 0.089583 0.042593
0 0.134868 0.595565 0.089583 0.042593
0 0.135965 0.624805 0.089583 0.042593
2 0.301284 0.560138 0.241729 0.042303
2 0.302381 0.589378 0.241729 0.042303
2 0.302381 0.614719 0.241729 0.042303
2 0.621460 0.534797 0.241729 0.042303
2 0.628039 0.556239 0.241729 0.042303
2 0.629135 0.587428 0.241729 0.042303
1 0.656994 0.338067 0.093907 0.043163
3 0.788965 0.520886 0.031250 0.037037
3 0.791158 0.575466 0.031250 0.037037
3 0.785675 0.548176 0.031250 0.037037
5 0.466721 0.387914 0.755154 0.079922
7 0.843202 0.513645 0.030702 0.035088
7 0.843202 0.540936 0.030702 0.035088
7 0.846491 0.568226 0.030702 0.035088
6 0.071820 0.569201 0.018640 0.033138
6 0.071820 0.600390 0.018640 0.033138
6 0.070724 0.627680 0.018640 0.033138