5 0.411939 0.143109 0.741135 0.072356
2 0.437961 0.519556 0.684361 0.054756
2 0.439143 0.578223 0.684361 0.054756
2 0.439143 0.632979 0.684361 0.054756
2 0.439143 0.686757 0.684361 0.060623
0 0.068019 0.589191 0.060179 0.056286
0 0.070383 0.528568 0.060179 0.056286
0 0.069201 0.636125 0.060179 0.056286
0 0.072747 0.688925 0.060179 0.056286
3 0.891714 0.513308 0.053452 0.063339
3 0.894078 0.577842 0.053452 0.063339
3 0.896442 0.636509 0.053452 0.063339
3 0.896442 0.693221 0.053452 0.063339
7 0.940898 0.516622 0.035461 0.068445
7 0.938534 0.579201 0.035461 0.068445
7 0.938534 0.635912 0.035461 0.068445
7 0.938534 0.694579 0.035461 0.068445