5 0.430958 0.255815 0.504838 0.045110
2 0.457845 0.535343 0.477752 0.062370
2 0.457845 0.581081 0.477752 0.062370
2 0.455504 0.614345 0.477752 0.062370
2 0.457845 0.655925 0.477752 0.062370
0 0.198896 0.544550 0.046838 0.053460
0 0.198896 0.589100 0.046838 0.053460
0 0.198896 0.630680 0.046838 0.053460
0 0.197223 0.669290 0.046838 0.053460
3 0.758761 0.516335 0.034502 0.044550
3 0.757298 0.560514 0.034502 0.044550
3 0.757298 0.599495 0.034502 0.044550
3 0.758761 0.643674 0.034502 0.044550
7 0.783644 0.511138 0.034502 0.044550
7 0.786572 0.555316 0.034502 0.044550
7 0.786572 0.596896 0.034502 0.044550
7 0.789499 0.638476 0.034502 0.044550