2 0.454496 0.522417 0.632675 0.115010
2 0.454496 0.571150 0.632675 0.115010
2 0.455592 0.619883 0.632675 0.115010
2 0.458882 0.678363 0.632675 0.115010
0 0.112390 0.554581 0.053728 0.054581
0 0.112390 0.611111 0.053728 0.054581
0 0.114583 0.659844 0.053728 0.054581
0 0.114583 0.708577 0.053728 0.054581
3 0.818531 0.489279 0.038377 0.052632
3 0.820724 0.534113 0.038377 0.052632
3 0.824013 0.586745 0.038377 0.052632
3 0.827303 0.635478 0.038377 0.052632
7 0.856908 0.485380 0.029605 0.060429
7 0.856908 0.536062 0.029605 0.060429
7 0.858004 0.586745 0.029605 0.060429
7 0.864583 0.637427 0.029605 0.060429
5 0.403509 0.175439 0.644737 0.103314
6 0.073465 0.563353 0.024123 0.060429
6 0.071272 0.614035 0.024123 0.060429
6 0.074561 0.674464 0.024123 0.060429
6 0.074561 0.719298 0.024123 0.060429