5 0.405154 0.257937 0.781955 0.047619
0 0.059132 0.590278 0.057331 0.037698
0 0.053180 0.635913 0.057331 0.037698
0 0.053180 0.681548 0.057331 0.037698
0 0.057644 0.729167 0.057331 0.037698
2 0.441103 0.576598 0.704104 0.073830
2 0.441103 0.624217 0.704104 0.073830
2 0.439615 0.669852 0.704104 0.073830
2 0.438127 0.713503 0.704104 0.073830
3 0.897321 0.565476 0.047619 0.047619
3 0.897321 0.607143 0.047619 0.047619
3 0.897321 0.648810 0.047619 0.047619
3 0.897321 0.694444 0.047619 0.047619
7 0.943452 0.568452 0.032738 0.045635
7 0.941964 0.608135 0.032738 0.045635
7 0.940476 0.653770 0.032738 0.045635
7 0.937500 0.691468 0.032738 0.045635