2 0.329410 0.560994 0.256735 0.044020
2 0.652188 0.610401 0.295624 0.044020
2 0.652188 0.653879 0.295624 0.044020
2 0.329410 0.600520 0.256735 0.044020
2 0.329410 0.640045 0.256735 0.044020
2 0.651077 0.568899 0.295624 0.044020
1 0.667222 0.313241 0.165556 0.033597
1 0.365556 0.315217 0.142222 0.033597
0 0.086667 0.541502 0.091111 0.051383
0 0.085556 0.581028 0.091111 0.051383
0 0.091111 0.626482 0.091111 0.051383
3 0.876667 0.569170 0.053333 0.043478
3 0.876667 0.615613 0.053333 0.053360
3 0.881111 0.657115 0.053333 0.053360
5 0.423855 0.321864 0.754513 0.115166