5 0.439030 0.396720 0.628520 0.097534
0 0.162281 0.605263 0.057018 0.046784
0 0.160088 0.646199 0.057018 0.046784
0 0.157895 0.679337 0.057018 0.035088
2 0.357177 0.588694 0.222050 0.052632
2 0.358273 0.621832 0.222050 0.052632
2 0.358273 0.654971 0.222050 0.052632
2 0.357177 0.688109 0.222050 0.052632
2 0.615948 0.571150 0.222050 0.052632
2 0.621431 0.602339 0.222050 0.052632
2 0.621431 0.641326 0.222050 0.052632
2 0.623624 0.664717 0.222050 0.052632
3 0.822368 0.547758 0.046053 0.040936
3 0.823465 0.584795 0.046053 0.040936
3 0.822368 0.621832 0.046053 0.040936
3 0.823465 0.651072 0.046053 0.040936
1 0.366776 0.372320 0.108553 0.044834
6 0.225329 0.602339 0.031798 0.037037
6 0.225329 0.637427 0.031798 0.037037
6 0.225329 0.672515 0.031798 0.037037
6 0.226425 0.705653 0.031798 0.037037
0 0.157895 0.710526 0.057018 0.035088