1 0.265625 0.125000 0.224702 0.047619
1 0.680060 0.124008 0.217262 0.041667
5 0.238095 0.152778 0.357143 0.035714
5 0.662202 0.151786 0.333333 0.029762
5 0.683036 0.545635 0.357143 0.035714
5 0.231399 0.559524 0.385417 0.043651
1 0.253720 0.515873 0.224702 0.051587
1 0.699405 0.507937 0.226190 0.051587
2 0.264137 0.315476 0.299107 0.047619
2 0.264137 0.357143 0.299107 0.047619
2 0.264137 0.394841 0.299107 0.047619
2 0.264137 0.430556 0.299107 0.047619
2 0.694196 0.310516 0.281250 0.045635
2 0.697173 0.348214 0.281250 0.045635
2 0.703125 0.389881 0.281250 0.045635
2 0.703125 0.427579 0.281250 0.045635
0 0.082589 0.323413 0.075893 0.051587
0 0.082589 0.363095 0.075893 0.051587
0 0.082589 0.410714 0.075893 0.051587
0 0.527530 0.353175 0.075893 0.051587
0 0.523065 0.311508 0.075893 0.051587
0 0.073661 0.449405 0.069940 0.041667
0 0.521577 0.394841 0.075893 0.051587
0 0.527530 0.430556 0.075893 0.051587
3 0.437500 0.305556 0.056548 0.059524
3 0.431548 0.351190 0.056548 0.059524
3 0.433036 0.390873 0.056548 0.059524
3 0.437500 0.436508 0.056548 0.059524
3 0.860119 0.303571 0.056548 0.059524
3 0.860119 0.349206 0.056548 0.059524
3 0.858631 0.386905 0.056548 0.059524
3 0.857143 0.436508 0.056548 0.059524