2 0.289732 0.558710 0.286607 0.029405
2 0.289732 0.580536 0.286607 0.029405
2 0.291220 0.604345 0.286607 0.029405
2 0.294196 0.630139 0.286607 0.029405
2 0.676637 0.560694 0.286607 0.029405
2 0.676637 0.584504 0.286607 0.029405
2 0.678125 0.614266 0.286607 0.029405
2 0.678125 0.638075 0.286607 0.029405
3 0.859375 0.565476 0.031250 0.027778
3 0.858125 0.591310 0.031250 0.027778
3 0.859375 0.616310 0.031250 0.027778
3 0.859375 0.637976 0.031250 0.027778
0 0.091875 0.555000 0.065000 0.031667
0 0.090625 0.583750 0.063750 0.029167
0 0.090938 0.606111 0.059375 0.027778
0 0.086875 0.629444 0.056250 0.027778
1 0.723229 0.383611 0.107292 0.036111
5 0.433750 0.416250 0.755000 0.039167
6 0.136250 0.553750 0.025000 0.027500
6 0.134375 0.579583 0.025000 0.027500
6 0.133750 0.604583 0.025000 0.027500
6 0.131250 0.632917 0.025000 0.027500