1 0.223633 0.071181 0.228516 0.100694
0 0.115723 0.508681 0.079102 0.052083
0 0.106934 0.560764 0.071289 0.062500
0 0.105469 0.652778 0.074219 0.065972
2 0.278809 0.506076 0.254883 0.050347
2 0.275391 0.556424 0.261719 0.053819
2 0.270020 0.651042 0.254883 0.065972
5 0.405074 0.257300 0.622647 0.063210
2 0.603738 0.508325 0.240856 0.050426
2 0.606090 0.553938 0.240856 0.050426
2 0.608443 0.646899 0.240856 0.050426
3 0.781028 0.512863 0.037109 0.052083
3 0.785201 0.654198 0.042170 0.074337
3 0.777832 0.562421 0.037109 0.052083