0 0.088461 0.752644 0.150370 0.078339
0 0.101322 0.806502 0.140477 0.072464
0 0.120118 0.853506 0.138499 0.064630
0 0.140893 0.903447 0.148391 0.078339
0 0.068962 0.304152 0.137925 0.070505
0 0.068962 0.346259 0.137925 0.060713
0 0.068676 0.398159 0.134542 0.070505
0 0.073622 0.438308 0.144434 0.048962
2 0.403051 0.305131 0.447153 0.088132
2 0.410965 0.358010 0.447153 0.092049
2 0.418879 0.407951 0.451110 0.090090
2 0.415912 0.458872 0.449131 0.082256
3 0.668177 0.321778 0.059357 0.058754
2 0.459440 0.799647 0.457046 0.090090
2 0.468343 0.846651 0.447153 0.097924
2 0.465375 0.893655 0.445174 0.094007
2 0.479225 0.950020 0.441217 0.097062
3 0.670156 0.425578 0.067271 0.062671
3 0.735448 0.968664 0.067271 0.062671
3 0.733469 0.915198 0.067271 0.062671
3 0.725555 0.868194 0.067271 0.062671
3 0.721598 0.811398 0.067271 0.062671
3 0.679099 0.477517 0.067271 0.062671
3 0.671184 0.369800 0.067271 0.062671
1 0.911539 0.256169 0.091013 0.499412
1 0.958005 0.788445 0.081061 0.420212
5 0.311048 0.031923 0.575759 0.058754