5 0.411729 0.198172 0.791327 0.117845
1 0.320342 0.140452 0.149542 0.064935
1 0.671350 0.141655 0.147465 0.072150
3 0.889952 0.477152 0.042578 0.060125
3 0.889952 0.532468 0.042578 0.060125
3 0.894106 0.590188 0.042578 0.060125
3 0.896183 0.652718 0.042578 0.060125
0 0.057605 0.522848 0.058155 0.064935
0 0.065393 0.580568 0.071656 0.060125
0 0.063317 0.638288 0.071656 0.060125
0 0.064355 0.693603 0.071656 0.060125
2 0.300611 0.513228 0.288699 0.074555
2 0.300611 0.568543 0.288699 0.074555
2 0.302688 0.616643 0.288699 0.074555
2 0.302688 0.676768 0.288699 0.074555
2 0.652657 0.498797 0.317777 0.079365
2 0.654734 0.556518 0.317777 0.079365
2 0.655773 0.614238 0.317777 0.079365
2 0.655773 0.659933 0.317777 0.079365