1 0.134045 0.494194 0.035248 0.075472
2 0.170848 0.505806 0.032138 0.087083
1 0.205577 0.508708 0.035248 0.075472
1 0.280220 0.502903 0.035248 0.075472
1 0.316504 0.505806 0.035248 0.075472
1 0.465789 0.624819 0.035248 0.075472
2 0.167738 0.595791 0.032138 0.087083
2 0.350197 0.619013 0.032138 0.087083
2 0.353307 0.494194 0.032138 0.087083
2 0.427949 0.523222 0.032138 0.087083
2 0.425876 0.627721 0.032138 0.087083
1 0.516587 0.514514 0.035248 0.075472
1 0.511404 0.616110 0.035248 0.075472
1 0.586046 0.508708 0.035248 0.075472
1 0.621294 0.511611 0.035248 0.075472
1 0.655505 0.514514 0.035248 0.075472
1 0.686606 0.514514 0.035248 0.075472
1 0.728074 0.517417 0.035248 0.075472
1 0.760211 0.517417 0.035248 0.075472
2 0.831225 0.639332 0.032138 0.087083
3 0.548725 0.502903 0.035248 0.075472
3 0.546651 0.619013 0.035248 0.075472
2 0.877877 0.633527 0.032138 0.087083