1 0.892127 0.475160 0.040264 0.052885
1 0.896334 0.425481 0.040264 0.052885
0 0.892728 0.474359 0.040264 0.052885
0 0.853065 0.471154 0.040264 0.052885
1 0.821214 0.429487 0.034255 0.044872
1 0.817608 0.468750 0.034255 0.044872
1 0.482873 0.431090 0.034255 0.044872
1 0.484675 0.473958 0.035457 0.048878
1 0.482873 0.579327 0.034255 0.044872
1 0.485276 0.617788 0.034255 0.044872
1 0.820012 0.608173 0.034255 0.044872
1 0.819411 0.573718 0.034255 0.044872
1 0.890325 0.571314 0.034255 0.044872
2 0.691406 0.614583 0.034255 0.044872
2 0.887283 0.605133 0.034255 0.044872