2 0.576339 0.574334 0.029464 0.051358
1 0.822321 0.522300 0.035714 0.063522
1 0.860714 0.518246 0.035714 0.063522
1 0.862500 0.561495 0.035714 0.063522
1 0.825893 0.569604 0.035714 0.063522
1 0.825893 0.623665 0.035714 0.063522
1 0.825893 0.668266 0.035714 0.063522
1 0.861607 0.569604 0.035714 0.063522
1 0.861607 0.618259 0.035714 0.063522
1 0.861607 0.668266 0.035714 0.063522
1 0.901786 0.511488 0.035714 0.063522
1 0.901786 0.568252 0.035714 0.063522
1 0.903571 0.618259 0.035714 0.063522
1 0.904464 0.672321 0.035714 0.063522
0 0.433929 0.526355 0.035714 0.063522