7 0.50439453125 0.5412326388888888 0.9248046875 0.9157986111111112 0.0
2 0.855712890625 0.9852430555555556 0.00537109375 0.013888888888888888 3.141592653589793
2 0.821533203125 0.9852430555555556 0.00732421875 0.013888888888888888 3.141592653589793
2 0.787109375 0.9865451388888888 0.0068359375 0.013020833333333334 3.141592653589793
2 0.75439453125 0.9865451388888888 0.0068359375 0.014756944444444444 3.141592653589793
2 0.72021484375 0.9887152777777778 0.0068359375 0.013888888888888888 3.141592653589793
2 0.68701171875 0.9913194444444444 0.0068359375 0.013888888888888888 3.141592653589793
2 0.654052734375 0.9917534722222222 0.0068359375 0.013049736439559817 3.141592653589793
2 0.380859375 0.9930555555555556 0.0068359375 0.010416666666666666 3.141592653589793
2 0.347412109375 0.9930555555555556 0.00634765625 0.010416666666666666 3.141592653589793
2 0.3154296875 0.9934895833333334 0.0078125 0.011284722222222222 3.141592653589793
2 0.28076171875 0.9921875 0.0068359375 0.012152777777777778 3.141592653589793
2 0.0938720703125 0.8294270833333334 0.015144592206319163 0.015649094077534675 3.109345771154539
2 0.861083984375 0.8042534722222222 0.00830078125 0.014756944444444444 3.141592653589793
2 0.826171875 0.8042534722222222 0.0078125 0.014756944444444444 3.141592653589793
2 0.791259765625 0.8033854166666666 0.00732421875 0.014756944444444444 3.141592653589793
2 0.75634765625 0.8046875 0.0078125 0.013888888888888888 3.141592653589793
2 0.721435546875 0.8046875 0.00634765625 0.013888888888888888 3.141592653589793
2 0.687255859375 0.8055555555555556 0.00830078125 0.015625 3.141592653589793
2 0.61865234375 0.8081597222222222 0.005859375 0.013888888888888888 3.141592653589793
2 0.5849609375 0.8098958333333334 0.0078125 0.015625 3.141592653589793
2 0.544189453125 0.81640625 0.014656573261526987 0.015649094077534675 3.108271657711546
2 0.412109375 0.8120659722222222 0.0078125 0.014756944444444444 3.141592653589793
2 0.377685546875 0.8107638888888888 0.00732421875 0.013888888888888888 3.141592653589793
2 0.3427734375 0.8111979166666666 0.0078125 0.014756944444444444 3.141592653589793
2 0.310546875 0.8120659722222222 0.0068359375 0.014756944444444444 3.141592653589793
2 0.275634765625 0.8129340277777778 0.00830078125 0.014756944444444444 3.141592653589793
2 0.240966796875 0.8151041666666666 0.00732421875 0.013888888888888888 3.141592653589793
2 0.20703125 0.8159722222222222 0.00732421875 0.013915989185660936 3.141592653589793
2 0.17138671875 0.8203125 0.00929018437033225 0.014782453442644446 3.0890095919788516
2 0.1357421875 0.8211805555555556 0.0078125 0.010416666666666666 1.5707963267948966
2 0.902587890625 0.6792534722222222 0.0332174831087792 0.028658982672255515 3.112189365385788
2 0.865234375 0.6128472222222222 0.0087890625 0.015625 3.141592653589793
2 0.81103515625 0.6141493055555556 0.046875 0.019965277777777776 3.141592653589793
2 0.757568359375 0.6137152777777778 0.00927734375 0.017361111111111112 3.141592653589793
2 0.721923828125 0.6137152777777778 0.01025390625 0.017361111111111112 3.141592653589793
2 0.686279296875 0.6141493055555556 0.00927734375 0.019965277777777776 3.141592653589793
2 0.635009765625 0.6154513888888888 0.043459774316516854 0.019965277777777776 3.1303571713318306
2 0.5830078125 0.6180555555555556 0.0078125 0.013888888888888888 3.141592653589793
2 0.408203125 0.6228298611111112 0.0078125 0.014756944444444444 3.141592653589793
2 0.37451171875 0.6223958333333334 0.0068359375 0.013888888888888888 3.141592653589793
2 0.340087890625 0.6228298611111112 0.00634765625 0.014756944444444444 3.141592653589793
2 0.30517578125 0.6241319444444444 0.0078125 0.015625 3.141592653589793
2 0.271240234375 0.6245659722222222 0.00537109375 0.014756944444444444 3.141592653589793
2 0.2353515625 0.6271701388888888 0.0068359375 0.014756944444444444 3.141592653589793
2 0.19970703125 0.6297743055555556 0.0073404767472523965 0.013915989185660936 3.0750244898139694
2 0.1640625 0.6315104166666666 0.00830078125 0.01651588332503511 3.141592653589793
2 0.128662109375 0.6336805555555556 0.0068359375 0.015649094077534675 3.141592653589793
2 0.867431640625 0.5125868055555556 0.00537109375 0.018229166666666668 3.141592653589793
2 0.79541015625 0.5143229166666666 0.0078125 0.016493055555555556 3.141592653589793
2 0.83154296875 0.5134548611111112 0.0087890625 0.016493055555555556 3.141592653589793
2 0.722412109375 0.5143229166666666 0.00830078125 0.016493055555555556 3.141592653589793
2 0.758544921875 0.5134548611111112 0.00927734375 0.016493055555555556 3.141592653589793
2 0.686279296875 0.5147569444444444 0.00732421875 0.017361111111111112 3.141592653589793
2 0.65087890625 0.5169270833333334 0.0078125 0.016493055555555556 3.141592653589793
2 0.615966796875 0.5182291666666666 0.00732421875 0.015625 3.141592653589793
3 0.541015625 0.5221354166666666 0.041529748388603356 0.01911694057773024 3.106313179996202
2 0.408203125 0.5208333333333334 0.005859375 0.015625 3.141592653589793
2 0.373046875 0.5221354166666666 0.0087890625 0.016493055555555556 3.141592653589793
2 0.3388671875 0.5234375 0.0078125 0.015625 3.141592653589793
2 0.2685546875 0.5247395833333334 0.0078125 0.016493055555555556 3.141592653589793
2 0.232421875 0.5256076388888888 0.0068359375 0.016493055555555556 3.141592653589793
2 0.196533203125 0.52734375 0.00732421875 0.016493055555555556 3.141592653589793
2 0.61669921875 0.3563368055555556 0.015625 0.019965277777777776 3.141592653589793
2 0.87060546875 0.3068576388888889 0.0087890625 0.016493055555555556 3.141592653589793
2 0.83447265625 0.3064236111111111 0.0078125 0.015625 3.141592653589793
2 0.798095703125 0.3081597222222222 0.00927734375 0.017361111111111112 3.141592653589793
2 0.76123046875 0.3094618055555556 0.0068359375 0.016493055555555556 3.141592653589793
2 0.724365234375 0.3111979166666667 0.00927734375 0.016493055555555556 3.141592653589793
2 0.68798828125 0.3120659722222222 0.0087890625 0.016493055555555556 3.141592653589793
2 0.5810546875 0.3159722222222222 0.0078125 0.015625 3.141592653589793
2 0.6162109375 0.3146701388888889 0.0078125 0.016493055555555556 3.141592653589793
2 0.652099609375 0.3133680555555556 0.00830078125 0.017361111111111112 3.141592653589793
2 0.5400390625 0.3181423611111111 0.0146484375 0.016493055555555556 3.141592653589793
2 0.404296875 0.3203125 0.0087890625 0.017361111111111112 3.141592653589793
2 0.369384765625 0.3203125 0.00732421875 0.015625 3.141592653589793
2 0.334716796875 0.3211805555555556 0.00927734375 0.017361111111111112 3.141592653589793
2 0.264892578125 0.4040798611111111 0.01611328125 0.016493055555555556 3.141592653589793
2 0.263916015625 0.3624131944444444 0.01611328125 0.016493055555555556 3.141592653589793
2 0.26171875 0.3229166666666667 0.0078125 0.015625 3.141592653589793
2 0.30419921875 0.5238715277777778 0.0087890625 0.016493055555555556 3.141592653589793
3 0.080078125 0.5342881944444444 0.04545213953066499 0.018249822952802638 3.098608393722022
2 0.12451171875 0.5316840277777778 0.0078125 0.016493055555555556 3.141592653589793
2 0.159912109375 0.5299479166666666 0.00732421875 0.016493055555555556 3.141592653589793
2 0.299072265625 0.3224826388888889 0.00830078125 0.016493055555555556 3.141592653589793
2 0.225830078125 0.3233506944444444 0.00830078125 0.016493055555555556 3.141592653589793
2 0.189208984375 0.32421875 0.00830078125 0.016493055555555556 3.141592653589793
2 0.115478515625 0.3272569444444444 0.00927734375 0.017361111111111112 3.141592653589793
2 0.152099609375 0.3250868055555556 0.00732421875 0.016493055555555556 3.141592653589793
2 0.070556640625 0.3294270833333333 0.01611328125 0.016493055555555556 3.141592653589793
2 0.77880859375 0.2625868055555556 0.05078125 0.028645833333333332 3.141592653589793
2 0.872314453125 0.26171875 0.02197265625 0.035590277777777776 3.141592653589793
2 0.838623046875 0.2625868055555556 0.01416015625 0.035590277777777776 3.141592653589793
2 0.87353515625 0.09244791666666667 0.0068359375 0.018229166666666668 3.141592653589793
2 0.836669921875 0.09244791666666667 0.00929018437033225 0.010416666666666666 1.6233793884058383
2 0.800048828125 0.0959201388888889 0.01025390625 0.016493055555555556 3.141592653589793
2 0.76318359375 0.09722222222222222 0.0087890625 0.017361111111111112 3.141592653589793
2 0.726318359375 0.09895833333333333 0.01025390625 0.017361111111111112 3.141592653589793
2 0.690185546875 0.09895833333333333 0.0078125 0.02085140998170888 3.141592653589793
2 0.653564453125 0.10026041666666667 0.010753279074973261 0.02085140998170888 3.096169374168216
2 0.617919921875 0.0993923611111111 0.01025390625 0.009548611111111112 1.5707963267948966
2 0.403076171875 0.2756076388888889 0.01953735256224859 0.03993998982752549 3.1165978599708732
2 0.368408203125 0.2764756944444444 0.01953735256224859 0.03993998982752549 3.1165978599708732
2 0.335693359375 0.27734375 0.021489922934243542 0.03993998982752549 3.118869292748152
2 0.298095703125 0.2790798611111111 0.022466244277983088 0.03993998982752549 3.1198569467480004
2 0.15380859375 0.2834201388888889 0.027836314089334423 0.03993998982752549 3.124050593532391
2 0.296630859375 0.19401041666666666 0.01318359375 0.0234375 3.141592653589793
2 0.2626953125 0.19921875 0.0166015625 0.021701388888888888 3.141592653589793
2 0.617431640625 0.1015625 0.00927734375 0.019097222222222224 3.141592653589793
2 0.581298828125 0.10243055555555555 0.00927734375 0.017361111111111112 3.141592653589793
2 0.399658203125 0.11024305555555555 0.007827743916934277 0.01651588332503511 3.079173843593836
2 0.364501953125 0.109375 0.00732421875 0.017361111111111112 3.141592653589793
2 0.328369140625 0.1111111111111111 0.00927734375 0.019097222222222224 3.141592653589793
2 0.291259765625 0.11197916666666667 0.00927734375 0.017361111111111112 3.141592653589793
2 0.254150390625 0.11241319444444445 0.00927734375 0.018229166666666668 3.141592653589793
2 0.2177734375 0.11328125 0.0087890625 0.018229166666666668 3.141592653589793
2 0.180908203125 0.11328125 0.01220703125 0.009548611111111112 1.5707963267948966
2 0.142822265625 0.1150173611111111 0.00830078125 0.018229166666666668 3.141592653589793
2 0.10400390625 0.11588541666666667 0.0087890625 0.016493055555555556 3.141592653589793
2 0.061767578125 0.2799479166666667 0.03515964067850526 0.032997530917965645 3.127704657658826
2 0.064697265625 0.234375 0.03271484375 0.03819444444444445 3.141592653589793
2 0.060791015625 0.18272569444444445 0.03712222228271135 0.05122263365254142 -3.1152829363368713