7 0.4995659722222222 0.4560546875 0.9227430555555556 0.7744140625 0.0
2 0.7426215277777778 0.39697265625 0.008680555555555556 0.00634765625 1.5707963267948966
2 0.7391493055555556 0.50146484375 0.019984139641009268 0.006853353929501074 1.6142472221864275
2 0.73828125 0.524658203125 0.017382798953559712 0.005879684852925926 1.6207547225168393
2 0.7339409722222222 0.548828125 0.017382798953559712 0.005859375 1.6207547225168393
2 0.7335069444444444 0.57666015625 0.019097222222222224 0.005859375 1.5707963267948966
2 0.7326388888888888 0.600830078125 0.019965277777777776 0.005859375 1.5707963267948966
2 0.7322048611111112 0.626708984375 0.018229166666666668 0.00634765625 1.5707963267948966
2 0.7309027777777778 0.652099609375 0.021701388888888888 0.005859375 1.5707963267948966
2 0.7296006944444444 0.707763671875 0.021701388888888888 0.00537109375 1.5707963267948966
3 0.7309027777777778 0.77001953125 0.03819444444444445 0.0068359375 1.5707963267948966
2 0.6271701388888888 0.224853515625 0.019965277777777776 0.00634765625 1.5707963267948966
2 0.5846354166666666 0.22314453125 0.019097222222222224 0.00634765625 1.5707963267948966
2 0.5416666666666666 0.218994140625 0.019965277777777776 0.0068359375 1.5707963267948966
2 0.5412326388888888 0.249267578125 0.021701388888888888 0.00634765625 1.5707963267948966
2 0.5403645833333334 0.278076171875 0.021701388888888888 0.00732421875 1.5707963267948966
2 0.5386284722222222 0.365478515625 0.019965277777777776 0.00634765625 1.5707963267948966
2 0.5386284722222222 0.392822265625 0.019965277777777776 0.00732421875 1.5707963267948966
2 0.5399305555555556 0.49365234375 0.010416666666666666 0.005859375 1.5707963267948966
2 0.5364583333333334 0.549560546875 0.021701388888888888 0.0068359375 1.5707963267948966
2 0.5347222222222222 0.575439453125 0.019965277777777776 0.0068359375 1.5707963267948966
2 0.5360243055555556 0.62744140625 0.010416666666666666 0.00537109375 1.5707963267948966
2 0.4774305555555556 0.15966796875 0.018229166666666668 0.03515964067850526 1.5707963267948966
2 0.4856770833333333 0.49609375 0.024305555555555556 0.01806640625 1.5707963267948966
2 0.4848090277777778 0.5224609375 0.03125 0.01806640625 1.5707963267948966
2 0.4848090277777778 0.546630859375 0.030381944444444444 0.01806640625 1.5707963267948966
2 0.4848090277777778 0.5771484375 0.03993055555555555 0.01806640625 1.5707963267948966
2 0.4848090277777778 0.6015625 0.027777777777777776 0.01806640625 1.5707963267948966
2 0.4001736111111111 0.15625 0.010416666666666666 0.0068359375 1.5707963267948966
2 0.3993055555555556 0.201171875 0.06597793286687453 0.00732421875 1.5576391913221408
2 0.3993055555555556 0.243896484375 0.011284722222222222 0.005859375 1.5707963267948966
2 0.3988715277777778 0.2724609375 0.012152777777777778 0.00634765625 1.5707963267948966
2 0.3993055555555556 0.305908203125 0.011284722222222222 0.0068359375 1.5707963267948966
2 0.3997395833333333 0.3310546875 0.012152777777777778 0.00634765625 1.5707963267948966
2 0.4001736111111111 0.376708984375 0.061638057208599766 0.00732421875 1.5567127509720364
2 0.4001736111111111 0.4228515625 0.017361111111111112 0.0068359375 1.5707963267948966
2 0.40234375 0.5771484375 0.008680555555555556 0.00634765625 1.5707963267948966
0 0.3394097222222222 0.08837890625 0.05729824246774045 0.02392578125 1.555645970920127
2 0.33984375 0.151611328125 0.035590277777777776 0.02392578125 1.5707963267948966
2 0.2530381944444444 0.265869140625 0.019965277777777776 0.00732421875 1.5707963267948966
2 0.2530381944444444 0.32373046875 0.013888888888888888 0.00732421875 1.5707963267948966
2 0.2543402777777778 0.355712890625 0.019965277777777776 0.0068359375 1.5707963267948966
2 0.2552083333333333 0.385498046875 0.021701388888888888 0.0068359375 1.5707963267948966
2 0.4405381944444444 0.69580078125 0.07118055555555555 0.01806640625 1.5707963267948966
2 0.4010416666666667 0.654541015625 0.0078125 0.005859375 1.5707963267948966
2 0.4006076388888889 0.6826171875 0.010416666666666666 0.00634765625 1.5707963267948966
2 0.4010416666666667 0.71240234375 0.012152777777777778 0.005859375 1.5707963267948966
3 0.3971354166666667 0.8330078125 0.029513888888888888 0.00732421875 1.5707963267948966