7 0.501708984375 0.5425347222222222 0.93115234375 0.9131944444444444 0.0
2 0.855712890625 0.9848090277777778 0.00537109375 0.014756944444444444 3.141592653589793
2 0.821533203125 0.9852430555555556 0.00732421875 0.013888888888888888 3.141592653589793
2 0.786865234375 0.9861111111111112 0.00634765625 0.013888888888888888 3.141592653589793
2 0.754150390625 0.9869791666666666 0.00732421875 0.013888888888888888 3.141592653589793
2 0.720458984375 0.98828125 0.00634765625 0.014756944444444444 3.141592653589793
2 0.68701171875 0.9913194444444444 0.0068359375 0.013888888888888888 3.141592653589793
5 0.857666015625 0.9479166666666666 0.021506558149946522 0.02432105160785052 3.096169374168216
5 0.8232421875 0.9496527777777778 0.021994346932725017 0.02432105160785052 3.0971774383428823
5 0.788818359375 0.9518229166666666 0.021506558149946522 0.02345356959393454 3.096169374168216
5 0.7548828125 0.9539930555555556 0.02394570280320162 0.02432105160785052 3.100798970721928
5 0.720947265625 0.9565972222222222 0.021506558149946522 0.02432105160785052 3.096169374168216
5 0.6875 0.9578993055555556 0.022969987278006008 0.02345356959393454 3.099065118970009
5 0.65380859375 0.9600694444444444 0.021994346932725017 0.02432105160785052 3.0971774383428823
5 0.620849609375 0.9622395833333334 0.021506558149946522 0.02345356959393454 3.096169374168216
5 0.586181640625 0.96484375 0.023457836229422487 0.02345356959393454 3.099950074491205
5 0.414794921875 0.9613715277777778 0.020531050821902968 0.01651588332503511 -3.0940095503128098
5 0.37939453125 0.9587673611111112 0.01953735256224859 0.015625 -3.1165978599708732
2 0.3154296875 0.9926215277777778 0.0078125 0.011284722222222222 3.141592653589793
5 0.34521484375 0.9587673611111112 0.0205078125 0.016493055555555556 3.141592653589793
5 0.3134765625 0.9583333333333334 0.0205078125 0.015625 3.141592653589793
5 0.2802734375 0.9583333333333334 0.021484375 0.015625 3.141592653589793
5 0.24609375 0.9583333333333334 0.0205078125 0.015625 3.141592653589793
2 0.281494140625 0.9930555555555556 0.00634765625 0.012152777777777778 3.141592653589793
5 0.6192626953125 0.9205729166666666 0.020560061788503222 0.019175973988172328 3.070285188804503
5 0.586669921875 0.9244791666666666 0.022508653460187714 0.018249822952802638 3.0764674902554074
5 0.858154296875 0.9131944444444444 0.022954412643638983 0.018229166666666668 3.120319267565732
5 0.82421875 0.9136284722222222 0.022466244277983088 0.019097222222222224 3.1198569467480004
5 0.78955078125 0.9144965277777778 0.022466244277983088 0.019097222222222224 3.1198569467480004
5 0.7548828125 0.9153645833333334 0.021489922934243542 0.019097222222222224 3.118869292748152
5 0.72021484375 0.9162326388888888 0.020513624548437505 0.019097222222222224 3.117787627404723
5 0.686767578125 0.9171006944444444 0.0219780809275916 0.019097222222222224 3.1193740882630743
5 0.653076171875 0.91796875 0.0219780809275916 0.019097222222222224 3.1193740882630743
5 0.859619140625 0.875 0.01953735256224859 0.025188573139838383 3.1165978599708732
5 0.824462890625 0.8767361111111112 0.021489922934243542 0.025188573139838383 3.118869292748152
5 0.79052734375 0.8784722222222222 0.022954412643638983 0.025188573139838383 3.120319267565732
5 0.755615234375 0.8797743055555556 0.021489922934243542 0.02432105160785052 3.118869292748152
5 0.720947265625 0.8815104166666666 0.021489922934243542 0.02432105160785052 3.118869292748152
5 0.687255859375 0.8832465277777778 0.021489922934243542 0.02432105160785052 3.118869292748152
5 0.65380859375 0.8845486111111112 0.0219780809275916 0.025188573139838383 3.1193740882630743
5 0.619384765625 0.8862847222222222 0.021489922934243542 0.025188573139838383 3.118869292748152
5 0.585693359375 0.8880208333333334 0.021489922934243542 0.025188573139838383 3.118869292748152
5 0.860107421875 0.83984375 0.022466244277983088 0.026056130242714644 3.1198569467480004
5 0.825439453125 0.8411458333333334 0.02344258571124571 0.025188573139838383 3.1207623335535764
5 0.7919921875 0.8424479166666666 0.023930763193052432 0.026056130242714644 3.121187322903255
5 0.756103515625 0.8441840277777778 0.022466244277983088 0.026056130242714644 3.1198569467480004
5 0.721435546875 0.8454861111111112 0.022466244277983088 0.025188573139838383 3.1198569467480004
5 0.687744140625 0.8467881944444444 0.022466244277983088 0.026056130242714644 3.1198569467480004
5 0.65380859375 0.8485243055555556 0.023930763193052432 0.026056130242714644 3.121187322903255
5 0.61865234375 0.8493923611111112 0.02100177067149079 0.026056130242714644 3.1183410307793302
5 0.58544921875 0.8511284722222222 0.0219780809275916 0.026056130242714644 3.1193740882630743
5 0.4130859375 0.88671875 0.01953735256224859 0.015625 -3.1165978599708732
5 0.378662109375 0.8854166666666666 0.02099609375 0.015625 3.141592653589793
5 0.412109375 0.8498263888888888 0.020513624548437505 0.016493055555555556 -3.117787627404723
5 0.378173828125 0.8485243055555556 0.02100177067149079 0.015625 -3.1183410307793302
5 0.345458984375 0.9223090277777778 0.02001953125 0.014756944444444444 3.141592653589793
5 0.3134765625 0.9223090277777778 0.01953125 0.014756944444444444 3.141592653589793
5 0.278564453125 0.9223090277777778 0.02099609375 0.014756944444444444 3.141592653589793
5 0.34423828125 0.8858506944444444 0.01953125 0.016493055555555556 3.141592653589793
5 0.312255859375 0.8854166666666666 0.02099609375 0.015625 3.141592653589793
5 0.278076171875 0.8854166666666666 0.02001953125 0.015625 3.141592653589793
5 0.34423828125 0.8463541666666666 0.021018792236358285 0.02085140998170888 3.09511452223879
5 0.3115234375 0.84765625 0.021994346932725017 0.021718743061105564 3.0971774383428823
5 0.277587890625 0.8502604166666666 0.022482157096135425 0.021718743061105564 3.0981417581982624
2 0.86083984375 0.8033854166666666 0.0078125 0.014756944444444444 3.141592653589793
2 0.826416015625 0.8038194444444444 0.00830078125 0.013888888888888888 3.141592653589793
2 0.791259765625 0.8038194444444444 0.00732421875 0.013888888888888888 3.141592653589793
2 0.756103515625 0.8038194444444444 0.00830078125 0.013888888888888888 3.141592653589793
2 0.721435546875 0.8046875 0.00634765625 0.013888888888888888 3.141592653589793
2 0.6875 0.8051215277777778 0.0078125 0.014756944444444444 3.141592653589793
2 0.653076171875 0.8059895833333334 0.00732421875 0.014756944444444444 3.141592653589793
2 0.61865234375 0.8081597222222222 0.005859375 0.013888888888888888 3.141592653589793
2 0.585205078125 0.8107638888888888 0.007827743916934277 0.014782453442644446 3.079173843593836
2 0.544921875 0.8177083333333334 0.01319263289658818 0.014782453442644446 3.104572537715863
2 0.412109375 0.8129340277777778 0.0078125 0.014756944444444444 3.141592653589793
2 0.377685546875 0.8107638888888888 0.00634765625 0.013888888888888888 3.141592653589793
2 0.342529296875 0.8111979166666666 0.00830078125 0.014756944444444444 3.141592653589793
2 0.310302734375 0.8116319444444444 0.00634765625 0.013888888888888888 3.141592653589793
2 0.276123046875 0.8125 0.00732421875 0.013888888888888888 3.141592653589793
2 0.241455078125 0.8142361111111112 0.006853353929501074 0.013049736439559817 3.070285188804503
2 0.206787109375 0.81640625 0.007827743916934277 0.013915989185660936 3.079173843593836
2 0.171142578125 0.8194444444444444 0.008802615418613255 0.014782453442644446 3.0860941483440762
5 0.212646484375 0.9609375 0.021534254952343696 0.018249822952802638 3.0735161953317935
5 0.177734375 0.96484375 0.02202143024175719 0.017382798953559712 3.0750244898139694
5 0.142578125 0.9683159722222222 0.022995921561165266 0.017382798953559712 3.077849341057106
5 0.245361328125 0.921875 0.020531050821902968 0.017382798953559712 3.0940095503128098
5 0.21240234375 0.9249131944444444 0.021994346932725017 0.01651588332503511 3.0971774383428823
5 0.176513671875 0.9283854166666666 0.021506558149946522 0.01651588332503511 3.096169374168216
5 0.140869140625 0.9320746527777778 0.022482157096135425 0.01651588332503511 3.0981417581982624
5 0.20947265625 0.8897569444444444 0.02104713092016827 0.018249822952802638 3.071938079861225
5 0.1748046875 0.8932291666666666 0.02202143024175719 0.018249822952802638 3.0750244898139694
5 0.13916015625 0.8971354166666666 0.022995921561165266 0.017382798953559712 3.077849341057106
5 0.24365234375 0.88671875 0.020513624548437505 0.015625 3.117787627404723
5 0.24267578125 0.8524305555555556 0.021994346932725017 0.02085140998170888 3.0971774383428823
5 0.1904296875 0.85546875 0.05716228325204403 0.021718743061105564 3.107417929973598
5 0.13818359375 0.859375 0.02492148467807587 0.02085140998170888 3.1023970516627384
2 0.09375 0.8289930555555556 0.014656573261526987 0.014756944444444444 3.108271657711546
2 0.135498046875 0.82421875 0.006853353929501074 0.013915989185660936 3.070285188804503
5 0.917236328125 0.6783854166666666 0.0722722230940562 0.03386529375543604 3.128079962576465
2 0.865234375 0.6128472222222222 0.0078125 0.015625 3.141592653589793
2 0.830078125 0.61328125 0.0078125 0.014756944444444444 3.141592653589793
2 0.793701171875 0.61328125 0.00732421875 0.014756944444444444 3.141592653589793
2 0.75830078125 0.6141493055555556 0.005859375 0.014756944444444444 3.141592653589793
2 0.722900390625 0.6141493055555556 0.00732421875 0.016493055555555556 3.141592653589793
2 0.686767578125 0.6141493055555556 0.00732421875 0.014756944444444444 3.141592653589793
2 0.652099609375 0.6154513888888888 0.00537109375 0.013888888888888888 3.141592653589793
2 0.5830078125 0.6176215277777778 0.0078125 0.013020833333333334 3.141592653589793
2 0.408203125 0.6228298611111112 0.0078125 0.014756944444444444 3.141592653589793
2 0.37451171875 0.6223958333333334 0.0068359375 0.013888888888888888 3.141592653589793
2 0.34033203125 0.6236979166666666 0.005859375 0.014756944444444444 3.141592653589793
2 0.30517578125 0.6241319444444444 0.0078125 0.015625 3.141592653589793
2 0.271240234375 0.6258680555555556 0.00537109375 0.015625 3.141592653589793
2 0.2353515625 0.6271701388888888 0.0068359375 0.014756944444444444 3.141592653589793
2 0.199462890625 0.6293402777777778 0.007827743916934277 0.014782453442644446 3.079173843593836
2 0.1640625 0.6310763888888888 0.00732421875 0.015649094077534675 3.141592653589793
2 0.128662109375 0.6323784722222222 0.008843149548962322 0.009587986994086164 1.460139105621001
2 0.86767578125 0.5125868055555556 0.005859375 0.016493055555555556 3.141592653589793
2 0.83203125 0.5130208333333334 0.0078125 0.015625 3.141592653589793
2 0.795166015625 0.5134548611111112 0.00634765625 0.014756944444444444 3.141592653589793
2 0.686767578125 0.5151909722222222 0.00634765625 0.016493055555555556 3.141592653589793
2 0.72216796875 0.5138888888888888 0.0078125 0.017361111111111112 3.141592653589793
5 0.869140625 0.4700520833333333 0.021489922934243542 0.022569444444444444 3.118869292748152
5 0.83251953125 0.4709201388888889 0.022466244277983088 0.022569444444444444 3.1198569467480004
5 0.796142578125 0.4722222222222222 0.022954412643638983 0.021701388888888888 3.120319267565732
5 0.759033203125 0.4735243055555556 0.022954412643638983 0.022569444444444444 3.120319267565732
5 0.7236328125 0.4743923611111111 0.022466244277983088 0.022569444444444444 3.1198569467480004
5 0.6865234375 0.4756944444444444 0.022466244277983088 0.021701388888888888 3.1198569467480004
5 0.6513671875 0.4769965277777778 0.02344258571124571 0.022569444444444444 3.1207623335535764
5 0.6162109375 0.4778645833333333 0.022466244277983088 0.022569444444444444 3.1198569467480004
5 0.581787109375 0.4787326388888889 0.02100177067149079 0.022569444444444444 3.1183410307793302
5 0.86962890625 0.4288194444444444 0.023930763193052432 0.02345356959393454 3.121187322903255
5 0.833740234375 0.4305555555555556 0.02441894482431638 0.02345356959393454 3.1215953196166426
5 0.79736328125 0.4318576388888889 0.024907130361048534 0.022586131651489042 3.1219873227325885
5 0.759521484375 0.4331597222222222 0.025395319578019226 0.02345356959393454 3.122364254490086
5 0.723388671875 0.4348958333333333 0.025395319578019226 0.02345356959393454 3.122364254490086
5 0.6865234375 0.4361979166666667 0.022954412643638983 0.022586131651489042 3.120319267565732
5 0.6513671875 0.4379340277777778 0.025883512266989397 0.022586131651489042 3.1227269675681226
5 0.6162109375 0.4392361111111111 0.023930763193052432 0.02345356959393454 3.121187322903255
5 0.58203125 0.4405381944444444 0.0219780809275916 0.022586131651489042 3.1193740882630743
5 0.869384765625 0.3880208333333333 0.0219780809275916 0.021701388888888888 3.1193740882630743
5 0.83349609375 0.3888888888888889 0.02344258571124571 0.021701388888888888 3.1207623335535764
5 0.796142578125 0.390625 0.022954412643638983 0.021701388888888888 3.120319267565732
5 0.760009765625 0.3914930555555556 0.0219780809275916 0.021701388888888888 3.1193740882630743
5 0.723388671875 0.3927951388888889 0.022954412643638983 0.020833333333333332 3.120319267565732
5 0.68701171875 0.3940972222222222 0.022466244277983088 0.021701388888888888 3.1198569467480004
5 0.6513671875 0.3949652777777778 0.022466244277983088 0.021701388888888888 3.1198569467480004
5 0.615966796875 0.3967013888888889 0.0219780809275916 0.021701388888888888 3.1193740882630743
5 0.58154296875 0.3975694444444444 0.022466244277983088 0.021701388888888888 3.1198569467480004
5 0.8701171875 0.3467881944444444 0.02441894482431638 0.020833333333333332 3.1215953196166426
5 0.834228515625 0.3480902777777778 0.024907130361048534 0.019965277777777776 3.1219873227325885
5 0.79736328125 0.3493923611111111 0.02441894482431638 0.020833333333333332 3.1215953196166426
5 0.76025390625 0.3502604166666667 0.02441894482431638 0.020833333333333332 3.1215953196166426
5 0.7236328125 0.3519965277777778 0.02344258571124571 0.020833333333333332 3.1207623335535764
5 0.68798828125 0.3528645833333333 0.02441894482431638 0.020833333333333332 3.1215953196166426
5 0.6513671875 0.3541666666666667 0.02344258571124571 0.019965277777777776 3.1207623335535764
2 0.6162109375 0.3559027777777778 0.01563262753279504 0.019965277777777776 3.110352820159525
5 0.58154296875 0.3563368055555556 0.02441894482431638 0.020833333333333332 3.1215953196166426
2 0.651123046875 0.5173611111111112 0.00732421875 0.015625 3.141592653589793
2 0.61669921875 0.5177951388888888 0.005859375 0.014756944444444444 3.141592653589793
2 0.58203125 0.5199652777777778 0.0068359375 0.017361111111111112 3.141592653589793
3 0.541015625 0.5221354166666666 0.041549836717782826 0.019984139641009268 3.094568521747047
2 0.408203125 0.5208333333333334 0.005859375 0.015625 3.141592653589793
2 0.373291015625 0.5221354166666666 0.00732421875 0.014756944444444444 3.141592653589793
2 0.339599609375 0.5221354166666666 0.00634765625 0.014756944444444444 3.141592653589793
2 0.304443359375 0.5225694444444444 0.00830078125 0.015625 3.141592653589793
2 0.268310546875 0.5234375 0.00732421875 0.015625 3.141592653589793
2 0.232421875 0.5260416666666666 0.0068359375 0.015625 3.141592653589793
2 0.196533203125 0.5282118055555556 0.00732421875 0.016493055555555556 3.141592653589793
2 0.160400390625 0.5295138888888888 0.00634765625 0.015625 3.141592653589793
2 0.1240234375 0.5308159722222222 0.0078125 0.016493055555555556 3.141592653589793
3 0.080078125 0.5334201388888888 0.04543377661895749 0.01911694057773024 3.109345771154539
5 0.40771484375 0.4817708333333333 0.021484375 0.017361111111111112 3.141592653589793
5 0.373291015625 0.4817708333333333 0.02197265625 0.017361111111111112 3.141592653589793
5 0.33935546875 0.4826388888888889 0.0224609375 0.017361111111111112 3.141592653589793
5 0.303955078125 0.4835069444444444 0.02294921875 0.017361111111111112 3.141592653589793
5 0.267333984375 0.4839409722222222 0.02100177067149079 0.017361111111111112 -3.1183410307793302
5 0.2314453125 0.4856770833333333 0.021484375 0.014756944444444444 3.141592653589793
5 0.195068359375 0.4878472222222222 0.021489922934243542 0.019984139641009268 3.118869292748152
5 0.158447265625 0.4895833333333333 0.02344258571124571 0.019984139641009268 3.1207623335535764
5 0.122802734375 0.4908854166666667 0.02441894482431638 0.01911694057773024 3.1215953196166426
5 0.40673828125 0.4409722222222222 0.02344258571124571 0.019965277777777776 3.1207623335535764
5 0.372314453125 0.4418402777777778 0.022954412643638983 0.019965277777777776 3.120319267565732
5 0.338134765625 0.4431423611111111 0.0219780809275916 0.019097222222222224 3.1193740882630743
5 0.302734375 0.4444444444444444 0.022466244277983088 0.019965277777777776 3.1198569467480004
5 0.266357421875 0.4453125 0.0219780809275916 0.019965277777777776 3.1193740882630743
5 0.23046875 0.4466145833333333 0.02344258571124571 0.019097222222222224 3.1207623335535764
5 0.193115234375 0.4479166666666667 0.0219780809275916 0.019965277777777776 3.1193740882630743
5 0.156494140625 0.4487847222222222 0.0219780809275916 0.019965277777777776 3.1193740882630743
5 0.121337890625 0.4500868055555556 0.022954412643638983 0.019097222222222224 3.120319267565732
2 0.45751953125 0.4001736111111111 0.0029296875 0.019097222222222224 3.141592653589793
5 0.406494140625 0.40234375 0.02099609375 0.018229166666666668 3.141592653589793
5 0.37158203125 0.40234375 0.021484375 0.018229166666666668 3.141592653589793
5 0.3369140625 0.40234375 0.021484375 0.018229166666666668 3.141592653589793
5 0.302490234375 0.4032118055555556 0.02197265625 0.018229166666666668 3.141592653589793
5 0.405029296875 0.3615451388888889 0.02099609375 0.018229166666666668 3.141592653589793
5 0.371337890625 0.3615451388888889 0.02197265625 0.018229166666666668 3.141592653589793
5 0.33642578125 0.3619791666666667 0.021484375 0.019097222222222224 3.141592653589793
5 0.300048828125 0.3624131944444444 0.02197265625 0.018229166666666668 3.141592653589793
2 0.264892578125 0.4045138888888889 0.01611328125 0.017361111111111112 3.141592653589793
5 0.22900390625 0.4045138888888889 0.022954412643638983 0.021718743061105564 3.120319267565732
5 0.1923828125 0.40625 0.022954412643638983 0.021718743061105564 3.120319267565732
5 0.1552734375 0.4075520833333333 0.0219780809275916 0.02085140998170888 3.1193740882630743
5 0.119384765625 0.4092881944444444 0.02344258571124571 0.02085140998170888 3.1207623335535764
2 0.263671875 0.3628472222222222 0.0166015625 0.017361111111111112 3.141592653589793
5 0.22802734375 0.3641493055555556 0.02344258571124571 0.020833333333333332 3.1207623335535764
5 0.19091796875 0.3650173611111111 0.02344258571124571 0.020833333333333332 3.1207623335535764
5 0.1533203125 0.3667534722222222 0.022466244277983088 0.020833333333333332 3.1198569467480004
5 0.117431640625 0.3676215277777778 0.022954412643638983 0.020833333333333332 3.120319267565732
2 0.834716796875 0.3072916666666667 0.00732421875 0.015625 3.141592653589793
2 0.79736328125 0.3077256944444444 0.009765625 0.016493055555555556 3.141592653589793
2 0.76171875 0.3077256944444444 0.01123046875 0.012152777777777778 1.5707963267948966
2 0.724609375 0.3103298611111111 0.0087890625 0.016493055555555556 3.141592653589793
2 0.652099609375 0.3125 0.00830078125 0.015625 3.141592653589793
2 0.616455078125 0.3151041666666667 0.00634765625 0.015625 3.141592653589793
2 0.581298828125 0.3155381944444444 0.00732421875 0.014756944444444444 3.141592653589793
2 0.539794921875 0.3177083333333333 0.01318359375 0.015625 3.141592653589793
2 0.404296875 0.3207465277777778 0.0087890625 0.016493055555555556 3.141592653589793
2 0.334716796875 0.3207465277777778 0.00927734375 0.016493055555555556 3.141592653589793
2 0.369384765625 0.3203125 0.00732421875 0.015625 3.141592653589793
2 0.298828125 0.3216145833333333 0.0087890625 0.016493055555555556 3.141592653589793
2 0.2626953125 0.3224826388888889 0.0068359375 0.014756944444444444 3.141592653589793
2 0.2255859375 0.3224826388888889 0.0078125 0.016493055555555556 3.141592653589793
2 0.188720703125 0.32421875 0.00830078125 0.016493055555555556 3.141592653589793
2 0.15185546875 0.3259548611111111 0.0078125 0.016493055555555556 3.141592653589793
2 0.1142578125 0.3263888888888889 0.0073404767472523965 0.019984139641009268 3.0750244898139694
5 0.727294921875 0.2222222222222222 0.16409809997871996 0.0373364811937614 3.1207623335535764
5 0.840087890625 0.21614583333333334 0.17094307452776175 0.036468665863888895 3.118739490048985
2 0.913330078125 0.1736111111111111 0.03419363554689765 0.032997530917965645 3.113028995751033
2 0.857666015625 0.17664930555555555 0.050802373160851594 0.032997530917965645 3.1127544967186744
5 0.6298828125 0.2269965277777778 0.2134464951235264 0.029526651652248177 3.116426343192497
5 0.727783203125 0.1779513888888889 0.16799429765742097 0.036468665863888895 3.124152561514091
5 0.57177734375 0.18619791666666666 0.10209282551963682 0.03560086224723937 3.11289240239032
2 0.3848876953125 0.2799479166666667 0.055391413544501715 0.02876396098225849 3.0533270156049848
2 0.384033203125 0.2361111111111111 0.05420141817046352 0.028645833333333332 -3.132583888299376
2 0.38330078125 0.19270833333333334 0.048830566345217895 0.035590277777777776 -3.131592986903128
2 0.334716796875 0.18359375 0.01904296875 0.030381944444444444 3.141592653589793
2 0.296630859375 0.1935763888888889 0.01513671875 0.022569444444444444 3.141592653589793
2 0.26220703125 0.19791666666666666 0.0185546875 0.024305555555555556 3.141592653589793
5 0.2626953125 0.28125 0.16652180416085555 0.03386529375543604 3.126930947669467
5 0.259765625 0.2348090277777778 0.16851434147416267 0.03473307122177527 3.115511612299041
2 0.2041015625 0.19596354166666666 0.05576890140911763 0.03129818815506935 3.0802661424494278
2 0.15185546875 0.2860243055555556 0.0205078125 0.026909722222222224 3.141592653589793
2 0.0703125 0.3285590277777778 0.0166015625 0.016493055555555556 3.141592653589793
2 0.062744140625 0.2799479166666667 0.03466796875 0.03211805555555555 3.141592653589793
2 0.151611328125 0.23958333333333334 0.01611328125 0.022569444444444444 3.141592653589793
2 0.058837890625 0.18272569444444445 0.04492452862406824 0.05035470490372631 -3.130723516412523
2 0.87353515625 0.09418402777777778 0.0068359375 0.016493055555555556 3.141592653589793
2 0.836181640625 0.09505208333333333 0.00830078125 0.016493055555555556 3.141592653589793
2 0.801025390625 0.09635416666666667 0.00732421875 0.015625 3.141592653589793
2 0.76318359375 0.09635416666666667 0.0078125 0.017361111111111112 3.141592653589793
2 0.726318359375 0.09852430555555555 0.00830078125 0.018229166666666668 3.141592653589793
2 0.690185546875 0.0993923611111111 0.00634765625 0.016493055555555556 3.141592653589793
2 0.654296875 0.10112847222222222 0.005859375 0.016493055555555556 3.141592653589793
2 0.6171875 0.1015625 0.0087890625 0.019097222222222224 3.141592653589793
2 0.58154296875 0.10243055555555555 0.0087890625 0.017361111111111112 3.141592653589793
2 0.399658203125 0.10894097222222222 0.00927734375 0.016493055555555556 3.141592653589793
2 0.364501953125 0.11067708333333333 0.00732421875 0.016493055555555556 3.141592653589793
2 0.32666015625 0.1111111111111111 0.0068359375 0.017361111111111112 3.141592653589793
2 0.29150390625 0.1115451388888889 0.0087890625 0.016493055555555556 3.141592653589793
2 0.25439453125 0.11241319444444445 0.0078125 0.016493055555555556 3.141592653589793
2 0.218017578125 0.11328125 0.00927734375 0.016493055555555556 3.141592653589793
2 0.180419921875 0.11414930555555555 0.00927734375 0.018229166666666668 3.141592653589793
2 0.14306640625 0.11458333333333333 0.0078125 0.017361111111111112 3.141592653589793
2 0.10400390625 0.11414930555555555 0.0087890625 0.016493055555555556 3.141592653589793