7 0.4765625 0.45208333333333334 0.836875 0.4025 0.0
2 0.264375 0.26416666666666666 0.0131398725260179 0.02084999333866134 0.047583103276983396
5 0.45125 0.2816666666666667 0.01938507802408853 0.012527746981977424 0.03224688243525392
5 0.1459375 0.31583333333333335 0.015625 0.01 0.0
5 0.18125 0.3154166666666667 0.018135772660683634 0.0133593496182345 0.034469100999508014
5 0.2125 0.3179166666666667 0.019415280708761334 0.012527746981977424 0.06442683942555355
5 0.245 0.32 0.015637495003996006 0.012527746981977424 0.039978687123290044
5 0.3096875 0.325 0.018791620472966133 0.0133593496182345 0.06656816377582381
5 0.34125 0.32666666666666666 0.019415280708761334 0.0133593496182345 0.06442683942555355
5 0.43578125 0.33666666666666667 0.015637495003996006 0.010833333333333334 0.039978687123290044
5 0.46125 0.33791666666666664 0.01626201478907211 0.01 0.03844259002118798
5 0.4603125 0.36083333333333334 0.01688657010763287 0.009166666666666667 0.037020115873930025
5 0.504375 0.34208333333333335 0.015013015186830393 0.01 0.04164257909858842
5 0.533125 0.34291666666666665 0.017511157157652377 0.01 0.03569911267932397
5 0.1453125 0.3616666666666667 0.015625 0.01 0.0
5 0.18 0.3625 0.015 0.008333333333333333 0.0
5 0.2109375 0.36375 0.015625 0.009166666666666667 0.0
5 0.2109375 0.38666666666666666 0.018135772660683634 0.010833333333333334 0.034469100999508014
5 0.243125 0.36375 0.018168052317185792 0.014191155304938669 0.0688564893010446
5 0.3071875 0.36875 0.018791620472966133 0.014191155304938669 0.06656816377582381
5 0.2425 0.38666666666666666 0.019415280708761334 0.0133593496182345 0.06442683942555355
5 0.3075 0.39166666666666666 0.018168052317185792 0.0133593496182345 0.0688564893010446
2 0.1790625 0.4091666666666667 0.005625 0.008333333333333333 0.0
5 0.3396875 0.37166666666666665 0.01754458605952275 0.0133593496182345 0.07130746478529032
5 0.37125 0.3745833333333333 0.018168052317185792 0.014191155304938669 0.0688564893010446
5 0.4040625 0.3775 0.016298006013006624 0.0133593496182345 0.07677189126977804
5 0.4334375 0.37958333333333333 0.01754458605952275 0.014191155304938669 0.07130746478529032
5 0.4621875 0.38166666666666665 0.02253469547164993 0.0133593496182345 0.05549850524571683
5 0.4621875 0.40291666666666665 0.02378287198805056 0.012527746981977424 0.05258306161094172
2 0.4615625 0.4270833333333333 0.01189143599402528 0.01 0.05258306161094172
5 0.7059375 0.33 0.025632620818012347 0.0125 0.024385409172718538
5 0.7346875 0.3304166666666667 0.02438301150391395 0.013333333333333334 0.02563540852167748
3 0.8084375 0.33166666666666667 0.031881126862142124 0.0125 0.019605330857204686
5 0.65125 0.34791666666666665 0.01625 0.0075 0.0
5 0.6809375 0.3491666666666667 0.01688657010763287 0.009166666666666667 0.037020115873930025
5 0.7103125 0.34958333333333336 0.01688657010763287 0.01 0.037020115873930025
5 0.758125 0.35083333333333333 0.05251487884400001 0.01 0.023805026185069942
5 0.8075 0.35208333333333336 0.025007811279678195 0.01 0.02499479361892016
5 0.62125 0.36916666666666664 0.015013015186830393 0.0075 0.04164257909858842
5 0.6509375 0.37 0.018125 0.008333333333333333 0.0
5 0.68 0.37083333333333335 0.01625 0.01 0.0
5 0.7103125 0.37125 0.015625 0.010833333333333334 0.0
5 0.7396875 0.3720833333333333 0.018135772660683634 0.01 0.034469100999508014
5 0.7725 0.37333333333333335 0.023758222260935265 0.010833333333333334 0.026309717252922193
5 0.8078125 0.37375 0.02438301150391395 0.01 0.02563540852167748
5 0.5034375 0.385 0.015625 0.01 0.0
5 0.533125 0.385 0.0175 0.01 0.0
5 0.561875 0.38666666666666666 0.01375 0.008333333333333333 0.0
5 0.59125 0.3875 0.01375 0.008333333333333333 0.0
5 0.6209375 0.38875 0.015625 0.009166666666666667 0.0
5 0.6503125 0.39 0.015625 0.008333333333333333 0.0
5 0.6796875 0.3908333333333333 0.014375 0.008333333333333333 0.0
5 0.709375 0.3925 0.015 0.01 0.0
5 0.73875 0.3929166666666667 0.015 0.010833333333333334 0.0
5 0.7715625 0.39416666666666667 0.02438301150391395 0.010833333333333334 0.02563540852167748
5 0.8065625 0.3954166666666667 0.023125 0.009166666666666667 0.0
5 0.5025 0.4066666666666667 0.018135772660683634 0.009204467514322717 -0.034469100999508014
5 0.531875 0.40708333333333335 0.01625 0.009166666666666667 0.0
5 0.561875 0.40875 0.015013015186830393 0.01 0.04164257909858842
5 0.59125 0.40958333333333335 0.017511157157652377 0.01 0.03569911267932397
5 0.620625 0.41041666666666665 0.017511157157652377 0.01 0.03569911267932397
5 0.6503125 0.41125 0.018135772660683634 0.01 0.034469100999508014
5 0.715625 0.4125 0.06502703764589005 0.010833333333333334 0.028838156871118882
5 0.7709375 0.41458333333333336 0.02438301150391395 0.01 0.02563540852167748
5 0.806875 0.41625 0.025 0.009166666666666667 0.0
2 0.1771875 0.43333333333333335 0.01 0.018352262954621033 0.0
2 0.2065625 0.43416666666666665 0.011875 0.015 0.0
2 0.259375 0.4375 0.04441459501109967 0.019184774055368895 0.0422284021130019
5 0.5315625 0.45166666666666666 0.07312767089139377 0.015833333333333335 0.008546800432611483
5 0.63375 0.45416666666666666 0.1031931592936276 0.016687486995417323 0.036347621019020664
6 0.0965625 0.54125 0.025031230493125986 0.012527746981977424 0.04995839572194276
5 0.37015625 0.44625 0.08064679937852462 0.018333333333333333 0.023251622810462915
5 0.40125 0.5154166666666666 0.06625294804761521 0.02 0.009433682406000813