7 0.48625 0.4716666666666667 0.90875 0.43833333333333335 0.0
2 0.2384375 0.26916666666666667 0.013125 0.02666666666666667 0.0
2 0.255625 0.26916666666666667 0.0125 0.02666666666666667 0.0
2 0.29375 0.3045833333333333 0.01125 0.009166666666666667 0.0
5 0.46 0.2733333333333333 0.020662844068520675 0.0133593496182345 0.060532019782107135
5 0.1921875 0.33125 0.021875 0.015833333333333335 0.0
5 0.2253125 0.3304166666666667 0.020625 0.015833333333333335 0.0
5 0.2940625 0.32958333333333334 0.020625 0.015833333333333335 0.0
5 0.32875 0.32875 0.02 0.015833333333333335 0.0
5 0.3615625 0.32875 0.021875 0.015833333333333335 0.0
5 0.3965625 0.3279166666666667 0.019375 0.015833333333333335 0.0
5 0.12125 0.3825 0.01626201478907211 0.010833333333333334 -0.03844259002118798
5 0.160625 0.3566666666666667 0.02 0.01 0.0
5 0.191875 0.3566666666666667 0.01875 0.01 0.0
5 0.1596875 0.3804166666666667 0.015625 0.010833333333333334 0.0
5 0.193125 0.37916666666666665 0.01688657010763287 0.010865337342004415 -0.037020115873930025
5 0.22625 0.37833333333333335 0.01625 0.011666666666666667 0.0
5 0.1215625 0.4058333333333333 0.017511157157652377 0.010865337342004415 -0.03569911267932397
5 0.1603125 0.405 0.018125 0.011666666666666667 0.0
5 0.1928125 0.40375 0.016875 0.010833333333333334 0.0
2 0.160625 0.42875 0.00875 0.010833333333333334 0.0
2 0.1928125 0.42791666666666667 0.009375 0.010833333333333334 0.0
5 0.2946875 0.35333333333333333 0.021875 0.011666666666666667 0.0
5 0.3290625 0.35333333333333333 0.019375 0.011666666666666667 0.0
5 0.3634375 0.35333333333333333 0.020625 0.011666666666666667 0.0
5 0.396875 0.35333333333333333 0.01875 0.011666666666666667 0.0
5 0.3634375 0.37625 0.018125 0.009166666666666667 0.0
5 0.329375 0.37666666666666665 0.0175 0.01 0.0
5 0.2940625 0.37625 0.01938507802408853 0.011666666666666667 -0.03224688243525392
5 0.3978125 0.3770833333333333 0.015625 0.010833333333333334 0.0
5 0.226875 0.40166666666666667 0.01875 0.013333333333333334 0.0
5 0.295 0.4008333333333333 0.02125 0.013333333333333334 0.0
5 0.32875 0.40041666666666664 0.02125 0.0125 0.0
5 0.3975 0.39958333333333335 0.01875 0.0125 0.0
5 0.4296875 0.3275 0.019375 0.016666666666666666 0.0
5 0.4621875 0.32708333333333334 0.025625 0.015833333333333335 0.0
5 0.43125 0.35333333333333333 0.02 0.011666666666666667 0.0
5 0.4634375 0.35333333333333333 0.024375 0.011666666666666667 0.0
5 0.4309375 0.3770833333333333 0.018125 0.010833333333333334 0.0
5 0.463125 0.3770833333333333 0.025 0.010833333333333334 0.0
5 0.4309375 0.40041666666666664 0.016875 0.010833333333333334 0.0
5 0.463125 0.40125 0.025007811279678195 0.011666666666666667 0.02499479361892016
2 0.60875 0.29833333333333334 0.01125 0.01 0.0
2 0.5096875 0.30125 0.010625 0.010833333333333334 0.0
2 0.54125 0.30083333333333334 0.0125 0.01 0.0
2 0.574375 0.3 0.015 0.01 0.0
2 0.64 0.2991666666666667 0.0125 0.015 0.0
5 0.509375 0.32416666666666666 0.01625 0.011666666666666667 0.0
5 0.5415625 0.3229166666666667 0.01938507802408853 0.011666666666666667 -0.03224688243525392
5 0.574375 0.32208333333333333 0.018760413774754542 0.011666666666666667 -0.033320995878247196
5 0.6075 0.32166666666666666 0.0175 0.011666666666666667 0.0
5 0.64 0.32125 0.0175 0.010833333333333334 0.0
5 0.5096875 0.3491666666666667 0.01688657010763287 0.0125 -0.037020115873930025
5 0.541875 0.34833333333333333 0.018760413774754542 0.0125 -0.033320995878247196
5 0.5753125 0.3475 0.018135772660683634 0.0125 -0.034469100999508014
5 0.6078125 0.3466666666666667 0.018135772660683634 0.0125 -0.034469100999508014
5 0.640625 0.3458333333333333 0.018760413774754542 0.0125 -0.033320995878247196
5 0.5434375 0.37083333333333335 0.018125 0.008333333333333333 0.0
5 0.575625 0.37125 0.015 0.010833333333333334 0.0
5 0.60875 0.36916666666666664 0.01625 0.011666666666666667 0.0
5 0.640625 0.36833333333333335 0.0175 0.011666666666666667 0.0
5 0.5103125 0.3725 0.016875 0.01 0.0
2 0.6725 0.29791666666666666 0.01375 0.014166666666666666 0.0
5 0.6728125 0.32 0.018135772660683634 0.010833333333333334 -0.034469100999508014
2 0.705625 0.2970833333333333 0.01375 0.014166666666666666 0.0
2 0.738125 0.29625 0.015 0.014166666666666666 0.0
2 0.7709375 0.29541666666666666 0.013125 0.014166666666666666 0.0
3 0.84375 0.29333333333333333 0.03250600905986461 0.014166666666666666 -0.019228399099707208
5 0.7053125 0.31916666666666665 0.018135772660683634 0.010833333333333334 -0.034469100999508014
5 0.7384375 0.31833333333333336 0.018135772660683634 0.010833333333333334 -0.034469100999508014
5 0.770625 0.3175 0.018760413774754542 0.010833333333333334 -0.033320995878247196
5 0.80625 0.31708333333333333 0.025007811279678195 0.011666666666666667 -0.02499479361892016
5 0.8440625 0.31625 0.025632620818012347 0.011666666666666667 -0.024385409172718538
5 0.6728125 0.345 0.01938507802408853 0.0125 -0.03224688243525392
5 0.705625 0.3441666666666667 0.018760413774754542 0.0125 -0.033320995878247196
5 0.73875 0.3433333333333333 0.017511157157652377 0.0125 -0.03569911267932397
5 0.770625 0.3425 0.018760413774754542 0.0125 -0.033320995878247196
5 0.8059375 0.3416666666666667 0.025632620818012347 0.0125 -0.024385409172718538
5 0.844375 0.3408333333333333 0.025007811279678195 0.0125 -0.02499479361892016
5 0.60875 0.3929166666666667 0.018135772660683634 0.0116963907063485 -0.034469100999508014
5 0.640625 0.3929166666666667 0.015 0.010833333333333334 0.0
5 0.6734375 0.36791666666666667 0.018125 0.010833333333333334 0.0
5 0.705625 0.3670833333333333 0.0175 0.010833333333333334 0.0
5 0.67375 0.39208333333333334 0.0175 0.010833333333333334 0.0
5 0.7059375 0.39 0.015625 0.01 0.0
5 0.73875 0.36625 0.01625 0.0125 0.0
5 0.77 0.36541666666666667 0.01625 0.0125 0.0
5 0.80625 0.3641666666666667 0.026257439422000005 0.0125 -0.023805026185069942
5 0.84375 0.36333333333333334 0.025007811279678195 0.0125 -0.02499479361892016
5 0.73875 0.39 0.01875 0.011666666666666667 0.0
5 0.7715625 0.38875 0.016875 0.010833333333333334 0.0
5 0.8065625 0.3883333333333333 0.025632620818012347 0.0125 -0.024385409172718538
5 0.8440625 0.38666666666666666 0.02688226645950821 0.0125 -0.023251622810462915
2 0.4309375 0.42541666666666667 0.006875 0.009166666666666667 0.0
2 0.464375 0.42541666666666667 0.0125 0.009166666666666667 0.0
2 0.8075 0.4116666666666667 0.01375 0.01 0.0
2 0.845 0.4116666666666667 0.01375 0.01 0.0
6 0.883125 0.41 0.030006509710394508 0.010833333333333334 -0.020830320036217084
3 0.9221875 0.40958333333333335 0.020625 0.010833333333333334 0.0
6 0.0746875 0.5804166666666667 0.024375 0.010833333333333334 0.0
5 0.7965625 0.45958333333333334 0.1287879191733448 0.02168268638542948 0.024267079981459192