7 0.5095486111111112 0.453125 0.9045138888888888 0.7666015625 0.0
5 0.7092013888888888 0.170654296875 0.030381944444444444 0.005859375 1.5707963267948966
5 0.7083333333333334 0.200927734375 0.030381944444444444 0.0068359375 1.5707963267948966
5 0.7078993055555556 0.228271484375 0.026909722222222224 0.00537109375 1.5707963267948966
5 0.7044270833333334 0.285400390625 0.028645833333333332 0.00634765625 1.5707963267948966
2 0.7022569444444444 0.31298828125 0.019097222222222224 0.005859375 1.5707963267948966
5 0.7000868055555556 0.3408203125 0.029513888888888888 0.00634765625 1.5707963267948966
5 0.7000868055555556 0.370361328125 0.028645833333333332 0.00634765625 1.5707963267948966
5 0.6996527777777778 0.39697265625 0.027777777777777776 0.005859375 1.5707963267948966
5 0.6996527777777778 0.427490234375 0.03560086224723937 0.00634765625 1.546410917622178
5 0.6979166666666666 0.500244140625 0.026056130242714644 0.0073404767472523965 1.6041173226731438
5 0.6957465277777778 0.523681640625 0.027831978371321873 0.0073404767472523965 1.633215136790854
5 0.693359375 0.54833984375 0.026965667651057408 0.0073404767472523965 1.6352231662204502
5 0.671875 0.168212890625 0.030381944444444444 0.005859375 1.5707963267948966
5 0.6705729166666666 0.198974609375 0.028645833333333332 0.00634765625 1.5707963267948966
5 0.6705729166666666 0.2275390625 0.029513888888888888 0.00634765625 1.5707963267948966
5 0.6644965277777778 0.340087890625 0.028645833333333332 0.00634765625 1.5707963267948966
5 0.6623263888888888 0.36962890625 0.027777777777777776 0.0068359375 1.5707963267948966
5 0.6618923611111112 0.395751953125 0.028645833333333332 0.00634765625 1.5707963267948966
5 0.6623263888888888 0.4267578125 0.034722222222222224 0.005859375 1.5707963267948966
5 0.6579861111111112 0.5009765625 0.027791337836080073 0.00732421875 1.602036160225165
5 0.6571180555555556 0.523681640625 0.026923719477900735 0.00732421875 1.6030432092301505
5 0.6553819444444444 0.548583984375 0.026923719477900735 0.00732421875 1.6030432092301505
5 0.62890625 0.16552734375 0.029513888888888888 0.00634765625 1.5707963267948966
5 0.6280381944444444 0.1962890625 0.027777777777777776 0.00634765625 1.5707963267948966
5 0.6258680555555556 0.2529296875 0.027791337836080073 0.00634765625 1.602036160225165
5 0.6232638888888888 0.31298828125 0.026041666666666668 0.0068359375 1.5707963267948966
5 0.6228298611111112 0.338134765625 0.028645833333333332 0.00634765625 1.5707963267948966
5 0.6219618055555556 0.36865234375 0.027777777777777776 0.00634765625 1.5707963267948966
5 0.62109375 0.3955078125 0.026041666666666668 0.00634765625 1.5707963267948966
5 0.6202256944444444 0.426513671875 0.03732638888888889 0.00634765625 1.5707963267948966
5 0.6189236111111112 0.5 0.027791337836080073 0.00634765625 1.602036160225165
5 0.6180555555555556 0.523681640625 0.026923719477900735 0.00634765625 1.6030432092301505
2 0.6176215277777778 0.546142578125 0.018229166666666668 0.00634765625 1.5707963267948966
5 0.5872395833333334 0.16357421875 0.029513888888888888 0.00634765625 1.5707963267948966
5 0.5837673611111112 0.25048828125 0.024305555555555556 0.00634765625 1.5707963267948966
5 0.5807291666666666 0.337158203125 0.028645833333333332 0.0068359375 1.5707963267948966
5 0.5802951388888888 0.367431640625 0.026909722222222224 0.00634765625 1.5707963267948966
5 0.5807291666666666 0.394775390625 0.028645833333333332 0.005859375 1.5707963267948966
5 0.5794270833333334 0.426513671875 0.0390625 0.00634765625 1.5707963267948966
5 0.5785590277777778 0.500244140625 0.028658982672255515 0.0068359375 1.6010900867136717
5 0.5776909722222222 0.52294921875 0.029526651652248177 0.0068359375 1.6001996149989017
5 0.5763888888888888 0.54833984375 0.026056130242714644 0.00634765625 1.6041173226731438
2 0.5381944444444444 0.365234375 0.019097222222222224 0.005859375 1.5707963267948966
2 0.5386284722222222 0.392822265625 0.016493055555555556 0.00732421875 1.5707963267948966
2 0.4383680555555556 0.156982421875 0.0234375 0.015625 1.5707963267948966
5 0.7756076388888888 0.580078125 0.057291666666666664 0.01416015625 1.5707963267948966
2 0.3550347222222222 0.64306640625 0.0798658286650102 0.01611328125 1.5599271896176263
5 0.7855902777777778 0.774658203125 0.21961977107366862 0.01611328125 1.5747488753816468