2 0.255859 0.194208 0.310724 0.059186
2 0.254195 0.239583 0.322931 0.059186
2 0.256414 0.280027 0.331809 0.057213
5 0.303023 0.530579 0.389515 0.045376
3 0.062211 0.184343 0.047718 0.059186
2 0.727495 0.182371 0.319602 0.055240
2 0.725830 0.222814 0.314054 0.049321
2 0.729159 0.267203 0.316273 0.059186
3 0.542170 0.234651 0.039950 0.057213
1 0.731934 0.568063 0.235263 0.065104
1 0.285267 0.572009 0.245250 0.057213
5 0.764671 0.519729 0.385076 0.047348
0 0.935569 0.172506 0.074352 0.055240
0 0.931130 0.212950 0.074352 0.045376
0 0.928911 0.261285 0.072132 0.051294
3 0.060680 0.282236 0.039950 0.057213
3 0.065252 0.233152 0.039950 0.057213
3 0.541460 0.276791 0.039950 0.057213
3 0.538974 0.191485 0.039950 0.057213