5 0.250382 0.156933 0.434569 0.063093
5 0.658437 0.177636 0.319460 0.072951
0 0.052497 0.394517 0.085362 0.065064
0 0.051851 0.595625 0.091829 0.057178
0 0.056378 0.497043 0.093122 0.061121
0 0.047324 0.544362 0.085362 0.053234
2 0.297589 0.392545 0.322047 0.061121
2 0.298883 0.445780 0.322047 0.061121
2 0.661023 0.404375 0.332393 0.057178
2 0.661023 0.453666 0.332393 0.057178
7 0.963670 0.418177 0.045268 0.053234
7 0.964963 0.482255 0.047854 0.063093
3 0.902235 0.413248 0.056908 0.051263
3 0.911935 0.473383 0.045268 0.065064
2 0.671370 0.546334 0.332393 0.057178
2 0.670077 0.605483 0.332393 0.057178
2 0.291122 0.539433 0.347914 0.063093
2 0.280775 0.594639 0.345327 0.074923
6 0.110699 0.369871 0.033627 0.059149
6 0.114579 0.464510 0.033627 0.059149