0 0.140625 0.205357 0.132440 0.053571
0 0.148065 0.266865 0.150298 0.049603
0 0.148065 0.328373 0.150298 0.049603
0 0.137649 0.385913 0.150298 0.049603
6 0.291667 0.219246 0.047619 0.053571
6 0.281250 0.262897 0.047619 0.053571
6 0.278274 0.324405 0.047619 0.053571
6 0.275298 0.389881 0.047619 0.053571
5 0.469494 0.457341 0.891369 0.041667
2 0.254464 0.675595 0.375000 0.053571
2 0.254464 0.715278 0.375000 0.053571
2 0.252976 0.778770 0.375000 0.053571
2 0.250000 0.832341 0.375000 0.053571
2 0.727679 0.667659 0.375000 0.053571
2 0.730655 0.723214 0.375000 0.053571
2 0.732143 0.776786 0.375000 0.053571
2 0.735119 0.826389 0.375000 0.053571
3 0.468006 0.669643 0.052083 0.053571
3 0.469494 0.774802 0.052083 0.053571
3 0.469494 0.725198 0.052083 0.053571
3 0.469494 0.832341 0.052083 0.053571
3 0.948661 0.665675 0.052083 0.053571
3 0.945685 0.715278 0.052083 0.053571
3 0.948661 0.764881 0.052083 0.053571
3 0.954613 0.828373 0.052083 0.053571