5 0.441964 0.352183 0.758929 0.045635
0 0.129464 0.596230 0.080357 0.049603
0 0.127976 0.643849 0.080357 0.049603
0 0.127976 0.697421 0.080357 0.049603
0 0.127976 0.733135 0.080357 0.049603
6 0.066220 0.598214 0.037202 0.049603
6 0.066220 0.647817 0.037202 0.049603
6 0.060268 0.697421 0.037202 0.049603
6 0.058780 0.747024 0.037202 0.049603
2 0.337798 0.591270 0.303571 0.051587
2 0.335565 0.634921 0.308036 0.051587
2 0.334821 0.684524 0.303571 0.051587
2 0.334821 0.728175 0.303571 0.051587
2 0.677083 0.587302 0.303571 0.051587
2 0.677083 0.626984 0.303571 0.051587
2 0.677083 0.674603 0.303571 0.051587
2 0.677083 0.716270 0.303571 0.051587
3 0.873512 0.576389 0.035714 0.045635
3 0.873512 0.620040 0.035714 0.045635
3 0.875000 0.669643 0.035714 0.045635
3 0.875000 0.707341 0.035714 0.045635