1 0.281994 0.171627 0.188988 0.057540
1 0.677827 0.151786 0.197917 0.085317
1 0.269345 0.516865 0.214286 0.045635
1 0.706845 0.509921 0.214286 0.051587
5 0.260417 0.194444 0.312500 0.043651
5 0.242560 0.547619 0.333333 0.031746
0 0.093750 0.713294 0.074405 0.041667
0 0.089286 0.756944 0.074405 0.041667
0 0.089286 0.802579 0.074405 0.041667
0 0.081845 0.842262 0.074405 0.041667
2 0.271577 0.713294 0.284226 0.041667
2 0.271577 0.752976 0.284226 0.041667
2 0.271577 0.796627 0.284226 0.041667
2 0.270089 0.842262 0.284226 0.041667
2 0.718006 0.713294 0.284226 0.041667
2 0.734375 0.802579 0.284226 0.041667
2 0.731399 0.750992 0.284226 0.041667
2 0.734375 0.838294 0.284226 0.041667
3 0.430804 0.711310 0.037202 0.045635
3 0.426339 0.750992 0.037202 0.045635
3 0.427827 0.794643 0.037202 0.045635
3 0.426339 0.834325 0.037202 0.045635
3 0.878720 0.703373 0.037202 0.045635
3 0.890625 0.743056 0.037202 0.045635
3 0.898065 0.788690 0.037202 0.045635
3 0.897321 0.835317 0.035714 0.051587