1 0.122768 0.548611 0.105655 0.037698
1 0.576637 0.548611 0.111607 0.037698
0 0.127976 0.745040 0.107143 0.033730
0 0.126488 0.774802 0.107143 0.033730
0 0.126488 0.800595 0.107143 0.033730
0 0.127976 0.828373 0.107143 0.033730
0 0.575893 0.739087 0.107143 0.033730
0 0.577381 0.768849 0.107143 0.033730
0 0.581845 0.798611 0.107143 0.033730
0 0.584821 0.826389 0.107143 0.033730
2 0.306101 0.743016 0.238988 0.025000
2 0.306101 0.770794 0.238988 0.025000
2 0.306101 0.794603 0.238988 0.025000
2 0.306101 0.822381 0.238988 0.025000
2 0.756994 0.739048 0.238988 0.025000
2 0.755506 0.764841 0.238988 0.025000
2 0.758482 0.792619 0.238988 0.025000
2 0.761458 0.820397 0.238988 0.025000
3 0.913467 0.767857 0.031250 0.027778
3 0.450149 0.740079 0.031250 0.027778
3 0.920052 0.737351 0.044271 0.033036
3 0.450149 0.769841 0.031250 0.027778
3 0.450149 0.797619 0.031250 0.027778
3 0.451637 0.823413 0.031250 0.027778
3 0.907217 0.793552 0.031250 0.027778
3 0.901823 0.823313 0.031250 0.027778
5 0.243304 0.717262 0.364583 0.025794
5 0.701637 0.715278 0.364583 0.029762