0 0.143014 0.575049 0.053885 0.044834
0 0.145207 0.625731 0.053885 0.044834
0 0.144110 0.676413 0.053885 0.044834
0 0.141917 0.723197 0.053885 0.044834
2 0.454049 0.574340 0.543656 0.047316
2 0.456242 0.623073 0.543656 0.047316
2 0.454049 0.671806 0.543656 0.047316
2 0.452953 0.720539 0.543656 0.047316
7 0.804315 0.569618 0.031250 0.037037
7 0.806508 0.610554 0.031250 0.037037
7 0.809798 0.657338 0.031250 0.037037
7 0.814184 0.704121 0.031250 0.037037
5 0.425791 0.260164 0.578242 0.034948
6 0.099781 0.631579 0.026316 0.048733
6 0.099781 0.576998 0.026316 0.048733
6 0.098684 0.690058 0.026316 0.048733
6 0.097588 0.740741 0.026316 0.048733