2 0.331674 0.528276 0.304450 0.037051
0 0.059426 0.525351 0.087822 0.046802
0 0.057963 0.562402 0.087822 0.046802
0 0.055035 0.599454 0.087822 0.046802
0 0.059426 0.628705 0.087822 0.046802
3 0.931060 0.544852 0.051230 0.046802
3 0.931060 0.574103 0.051230 0.046802
3 0.932523 0.611154 0.051230 0.046802
3 0.925205 0.640406 0.051230 0.046802
5 0.431694 0.343994 0.831382 0.072803
2 0.685890 0.533151 0.313232 0.042902
2 0.685890 0.570203 0.313232 0.042902
2 0.687354 0.601404 0.313232 0.042902
2 0.688817 0.628705 0.313232 0.042902
1 0.704918 0.329368 0.172717 0.037051
1 0.355826 0.315718 0.177108 0.037051
2 0.331674 0.559477 0.304450 0.037051
2 0.333138 0.588729 0.304450 0.037051
2 0.333138 0.619930 0.304450 0.037051