1 0.275040 0.044904 0.253693 0.058596
1 0.761402 0.029298 0.253693 0.058596
1 0.762804 0.529318 0.253693 0.058596
1 0.269433 0.546896 0.253693 0.058596
2 0.277843 0.292961 0.334987 0.058596
2 0.280646 0.343744 0.334987 0.058596
2 0.282048 0.392574 0.334987 0.058596
2 0.279245 0.439451 0.334987 0.058596
0 0.560970 0.286124 0.049057 0.048830
0 0.560270 0.336908 0.072884 0.052736
0 0.563073 0.385738 0.072884 0.052736
0 0.554663 0.440427 0.072884 0.052736
0 0.049379 0.458983 0.049057 0.046877
0 0.057789 0.405270 0.057466 0.052736
0 0.056387 0.354487 0.057466 0.052736
0 0.060592 0.309563 0.057466 0.052736
2 0.782426 0.277335 0.334987 0.058596
2 0.786631 0.330071 0.334987 0.058596
2 0.786631 0.374995 0.334987 0.058596
2 0.788033 0.417966 0.334987 0.058596
3 0.472668 0.285148 0.046253 0.050783
3 0.472668 0.341791 0.046253 0.050783
3 0.471267 0.390621 0.046253 0.050783
3 0.469865 0.445310 0.046253 0.050783
3 0.976873 0.271475 0.046253 0.050783
3 0.976873 0.332025 0.046253 0.050783
3 0.976873 0.374995 0.046253 0.050783
3 0.976873 0.429685 0.046253 0.050783
6 0.094231 0.288078 0.029434 0.037111
6 0.094231 0.331048 0.029434 0.037111
6 0.092829 0.381831 0.029434 0.037111
6 0.087223 0.430661 0.029434 0.037111
5 0.240700 0.085921 0.414880 0.042970
5 0.737575 0.070296 0.410675 0.046877