0 0.056548 0.786706 0.065476 0.057540
0 0.059524 0.836310 0.065476 0.057540
0 0.055060 0.879960 0.065476 0.057540
0 0.068452 0.919643 0.065476 0.057540
6 0.128720 0.787698 0.046131 0.043651
6 0.125744 0.825397 0.046131 0.043651
6 0.125744 0.867063 0.046131 0.043651
6 0.127232 0.916667 0.046131 0.043651
2 0.313244 0.777778 0.290179 0.043651
2 0.316220 0.819444 0.290179 0.043651
2 0.316220 0.867063 0.290179 0.043651
2 0.310268 0.910714 0.290179 0.043651
2 0.643601 0.775794 0.290179 0.043651
2 0.643601 0.823413 0.290179 0.043651
2 0.645089 0.869048 0.290179 0.043651
2 0.645089 0.910714 0.290179 0.043651
3 0.856399 0.772817 0.046131 0.049603
3 0.856399 0.816468 0.046131 0.049603
3 0.857887 0.909722 0.046131 0.049603
3 0.857887 0.862103 0.046131 0.049603
7 0.901042 0.782738 0.040179 0.057540
7 0.901042 0.834325 0.040179 0.057540
7 0.901042 0.877976 0.040179 0.057540
7 0.901042 0.915675 0.040179 0.057540
1 0.961310 0.277778 0.041667 0.420635
1 0.970238 0.746032 0.041667 0.420635
5 0.409226 0.095238 0.755952 0.047619