0 0.093229 0.538017 0.094792 0.063869
0 0.088542 0.592762 0.089583 0.069951
0 0.087500 0.652068 0.089583 0.066910
0 0.087292 0.712287 0.089583 0.066910
5 0.452083 0.206509 0.800000 0.094282
1 0.727604 0.104623 0.107292 0.079075
2 0.291146 0.531934 0.286458 0.063869
2 0.291146 0.641423 0.286458 0.063869
2 0.682813 0.668796 0.286458 0.063869
2 0.681771 0.620134 0.286458 0.063869
2 0.680729 0.568431 0.286458 0.063869
2 0.676563 0.510645 0.286458 0.063869
2 0.290104 0.580596 0.286458 0.063869
2 0.291146 0.696168 0.286458 0.063869
3 0.871875 0.504562 0.033333 0.051703
3 0.873958 0.607968 0.033333 0.051703
3 0.873958 0.559307 0.033333 0.051703
3 0.873958 0.662713 0.033333 0.051703
6 0.907292 0.503041 0.031250 0.060827
6 0.907292 0.554745 0.031250 0.060827
6 0.906250 0.612530 0.031250 0.060827
6 0.905208 0.661192 0.031250 0.060827
7 0.942708 0.501521 0.031250 0.057786
7 0.942708 0.556265 0.031250 0.057786
7 0.942708 0.611010 0.031250 0.057786
7 0.942708 0.659672 0.031250 0.057786