1 0.349479 0.151726 0.167708 0.056818
1 0.726562 0.181187 0.173958 0.065236
2 0.319792 0.496843 0.306250 0.073653
2 0.317188 0.546296 0.313542 0.075758
2 0.317708 0.602062 0.312500 0.061027
2 0.319792 0.644150 0.312500 0.061027
2 0.692188 0.519992 0.340625 0.065236
2 0.692188 0.570497 0.340625 0.065236
2 0.692188 0.618897 0.340625 0.065236
2 0.692188 0.665194 0.340625 0.065236
0 0.043229 0.487374 0.069792 0.071549
0 0.041146 0.548401 0.069792 0.071549
0 0.041146 0.592593 0.069792 0.071549
0 0.041146 0.645202 0.069792 0.071549