5 0.396225 0.277621 0.701598 0.063179
2 0.426222 0.570645 0.662437 0.065894
2 0.427710 0.608344 0.662437 0.065894
2 0.427710 0.655963 0.662437 0.065894
2 0.430686 0.699614 0.662437 0.065894
0 0.066964 0.583333 0.062500 0.051587
0 0.066964 0.623016 0.062500 0.051587
0 0.061012 0.676587 0.062500 0.051587
0 0.061012 0.722222 0.062500 0.051587
3 0.860119 0.555556 0.041667 0.043651
3 0.864583 0.599206 0.041667 0.043651
3 0.866071 0.642857 0.041667 0.043651
3 0.866071 0.686508 0.041667 0.043651
7 0.892857 0.555556 0.041667 0.043651
7 0.897321 0.599206 0.041667 0.043651
7 0.895833 0.642857 0.041667 0.043651
7 0.904762 0.692460 0.041667 0.043651